[(1, 0L, 12.321928024291992) (1, 1L, 12.321928024291992)
 (1, 2L, 10.321928024291992) ..., (402, 212L, 9.321928024291992)
 (402, 213L, 9.321928024291992) (402, 214L, 10.321928024291992)]
0 th test running..
########################################
             Factorizing                
########################################
factors=100, epochs=1000, lr=0.005000, reg=0.005000, n=6321, nmf=0, gamma=0.001000
Init PRMSE: 1.810550
Init TRMSE: 1.898361
----------------------------------------
epoche	train err	probe err	elapsed time
0	1.699416	1.546297	0.349551
1	1.534173	1.503611	0.344094
2	1.483272	1.486090	0.333318
3	1.456403	1.476609	0.358695
4	1.438509	1.470088	0.334900
5	1.424321	1.464583	0.332200
6	1.411595	1.459330	0.357928
7	1.399390	1.454112	0.332075
8	1.387395	1.448924	0.327799
9	1.375517	1.443750	0.357568
10	1.363644	1.438472	0.334792
11	1.351572	1.432898	0.334968
12	1.339045	1.426828	0.331921
13	1.325821	1.420095	0.336096
14	1.311725	1.412596	0.341551
15	1.296665	1.404286	0.331627
16	1.280644	1.395187	0.335361
17	1.263758	1.385380	0.352733
18	1.246181	1.374997	0.335704
19	1.228148	1.364208	0.328423
20	1.209916	1.353198	0.339688
21	1.191736	1.342150	0.331256
22	1.173827	1.331224	0.329028
23	1.156356	1.320549	0.341897
24	1.139449	1.310222	0.334816
25	1.123189	1.300310	0.331554
26	1.107631	1.290855	0.350335
27	1.092808	1.281884	0.337376
28	1.078737	1.273405	0.335597
29	1.065422	1.265421	0.341973
30	1.052852	1.257922	0.335078
31	1.041009	1.250897	0.327634
32	1.029865	1.244328	0.361735
33	1.019385	1.238192	0.334091
34	1.009530	1.232468	0.341570
35	1.000260	1.227131	0.346041
36	0.991532	1.222156	0.335708
37	0.983307	1.217519	0.331422
38	0.975545	1.213196	0.345139
39	0.968209	1.209164	0.333482
40	0.961265	1.205401	0.332292
41	0.954681	1.201886	0.345719
42	0.948429	1.198600	0.338990
43	0.942482	1.195525	0.333066
44	0.936817	1.192645	0.350989
45	0.931413	1.189944	0.330872
46	0.926250	1.187409	0.331646
47	0.921312	1.185027	0.340095
48	0.916583	1.182786	0.340116
49	0.912049	1.180677	0.331313
50	0.907698	1.178689	0.345464
51	0.903519	1.176814	0.335067
52	0.899501	1.175043	0.333904
53	0.895634	1.173371	0.344310
54	0.891910	1.171789	0.331110
55	0.888321	1.170291	0.328845
56	0.884860	1.168873	0.352359
57	0.881519	1.167529	0.338016
58	0.878292	1.166254	0.335414
59	0.875173	1.165043	0.340841
60	0.872157	1.163892	0.330635
61	0.869238	1.162798	0.333631
62	0.866411	1.161756	0.349475
63	0.863673	1.160765	0.332078
64	0.861017	1.159819	0.329956
65	0.858441	1.158916	0.339810
66	0.855941	1.158055	0.327242
67	0.853513	1.157231	0.326061
68	0.851153	1.156442	0.340787
69	0.848859	1.155687	0.330702
70	0.846628	1.154963	0.328480
71	0.844456	1.154268	0.342315
72	0.842342	1.153601	0.331389
73	0.840282	1.152959	0.331401
74	0.838274	1.152341	0.350859
75	0.836317	1.151746	0.378959
76	0.834408	1.151171	0.343508
77	0.832545	1.150617	0.350593
78	0.830726	1.150080	0.328231
79	0.828950	1.149561	0.333458
80	0.827215	1.149059	0.340022
81	0.825519	1.148572	0.339045
82	0.823861	1.148099	0.338016
83	0.822240	1.147639	0.335157
84	0.820654	1.147192	0.327741
85	0.819101	1.146758	0.339801
86	0.817582	1.146334	0.339466
87	0.816094	1.145921	0.330672
88	0.814637	1.145518	0.356188
89	0.813209	1.145125	0.330448
90	0.811810	1.144740	0.335210
91	0.810438	1.144364	0.344993
92	0.809093	1.143996	0.331182
93	0.807774	1.143636	0.329953
94	0.806480	1.143282	0.346015
95	0.805211	1.142936	0.332805
96	0.803964	1.142596	0.329558
97	0.802741	1.142262	0.346548
98	0.801540	1.141934	0.332368
99	0.800360	1.141612	0.331366
100	0.799201	1.141295	0.336812
101	0.798063	1.140984	0.328342
102	0.796944	1.140677	0.326656
103	0.795844	1.140375	0.345418
104	0.794763	1.140077	0.331264
105	0.793699	1.139784	0.332957
106	0.792654	1.139495	0.356392
107	0.791625	1.139210	0.335492
108	0.790613	1.138929	0.332130
109	0.789618	1.138651	0.340198
110	0.788638	1.138378	0.331804
111	0.787673	1.138107	0.331092
112	0.786724	1.137840	0.336156
113	0.785789	1.137577	0.334436
114	0.784868	1.137317	0.332838
115	0.783961	1.137059	0.346844
116	0.783068	1.136805	0.333275
117	0.782188	1.136554	0.331674
118	0.781320	1.136305	0.340175
119	0.780466	1.136059	0.331191
120	0.779623	1.135816	0.332407
121	0.778793	1.135576	0.350314
122	0.777974	1.135338	0.339215
123	0.777166	1.135102	0.330214
124	0.776370	1.134869	0.345099
125	0.775585	1.134639	0.331812
126	0.774810	1.134411	0.331386
127	0.774045	1.134185	0.340547
128	0.773291	1.133961	0.330832
129	0.772547	1.133740	0.329675
130	0.771812	1.133521	0.338655
131	0.771087	1.133304	0.340492
132	0.770372	1.133089	0.330423
133	0.769665	1.132876	0.343452
134	0.768967	1.132665	0.336971
135	0.768278	1.132456	0.333991
136	0.767598	1.132249	0.342678
137	0.766926	1.132044	0.331054
138	0.766262	1.131840	0.328177
139	0.765606	1.131639	0.350072
140	0.764958	1.131439	0.333610
141	0.764318	1.131242	0.331011
142	0.763685	1.131046	0.341685
143	0.763060	1.130851	0.329517
144	0.762442	1.130659	0.326052
145	0.761831	1.130468	0.338836
146	0.761227	1.130279	0.328039
147	0.760630	1.130091	0.326676
148	0.760040	1.129905	0.343329
149	0.759456	1.129721	0.331948
150	0.758879	1.129538	0.329877
151	0.758308	1.129357	0.345042
152	0.757744	1.129178	0.333688
153	0.757185	1.129000	0.331177
154	0.756633	1.128823	0.343157
155	0.756086	1.128648	0.332294
156	0.755545	1.128474	0.335790
157	0.755010	1.128302	0.345800
158	0.754481	1.128131	0.330606
159	0.753957	1.127962	0.329740
160	0.753438	1.127794	0.344298
161	0.752925	1.127628	0.330986
162	0.752417	1.127462	0.329724
163	0.751914	1.127298	0.340145
164	0.751416	1.127136	0.331740
165	0.750923	1.126975	0.337293
166	0.750435	1.126815	0.364518
167	0.749952	1.126656	0.327194
168	0.749473	1.126499	0.327236
169	0.748999	1.126343	0.345148
170	0.748530	1.126188	0.333682
171	0.748065	1.126034	0.330935
172	0.747605	1.125882	0.341497
173	0.747149	1.125731	0.332704
174	0.746697	1.125581	0.334978
175	0.746249	1.125432	0.344730
176	0.745806	1.125285	0.335681
177	0.745367	1.125138	0.329578
178	0.744931	1.124993	0.343060
179	0.744500	1.124849	0.330622
180	0.744073	1.124706	0.331481
181	0.743649	1.124564	0.341454
182	0.743230	1.124423	0.331980
183	0.742814	1.124284	0.329762
184	0.742401	1.124145	0.340294
185	0.741993	1.124008	0.330959
186	0.741588	1.123871	0.330576
187	0.741186	1.123736	0.342836
188	0.740788	1.123601	0.333119
189	0.740393	1.123468	0.328023
190	0.740002	1.123336	0.341492
191	0.739614	1.123205	0.331940
192	0.739229	1.123075	0.334647
193	0.738848	1.122945	0.344016
194	0.738470	1.122817	0.330374
195	0.738095	1.122690	0.436833
196	0.737723	1.122564	0.386826
197	0.737354	1.122438	0.362553
198	0.736988	1.122314	0.359063
199	0.736625	1.122191	0.341720
200	0.736265	1.122068	0.330748
201	0.735908	1.121947	0.354510
202	0.735554	1.121827	0.343080
203	0.735203	1.121707	0.338685
204	0.734854	1.121588	0.425114
205	0.734508	1.121471	0.427211
206	0.734165	1.121354	0.368547
207	0.733825	1.121238	0.337446
208	0.733487	1.121123	0.344481
209	0.733152	1.121009	0.366874
210	0.732820	1.120895	0.345833
211	0.732490	1.120783	0.335122
212	0.732162	1.120671	0.357219
213	0.731837	1.120561	0.361459
214	0.731515	1.120451	0.359618
215	0.731195	1.120342	0.427075
216	0.730877	1.120234	0.350504
217	0.730562	1.120126	0.358060
218	0.730249	1.120020	0.346402
219	0.729939	1.119914	0.347879
220	0.729630	1.119809	0.446801
221	0.729324	1.119705	0.410283
222	0.729021	1.119602	0.354222
223	0.728719	1.119499	0.355756
224	0.728420	1.119398	0.341835
225	0.728122	1.119297	0.359805
226	0.727827	1.119197	0.347846
227	0.727534	1.119097	0.343314
228	0.727244	1.118999	0.353523
229	0.726955	1.118901	0.347871
230	0.726668	1.118804	0.333845
231	0.726383	1.118708	0.355015
232	0.726101	1.118612	0.348209
233	0.725820	1.118517	0.334399
234	0.725541	1.118423	0.351268
235	0.725264	1.118330	0.339242
236	0.724989	1.118237	0.341230
237	0.724716	1.118146	0.355684
238	0.724445	1.118054	0.339340
239	0.724175	1.117964	0.342579
240	0.723908	1.117874	0.361707
241	0.723642	1.117785	0.336298
242	0.723378	1.117697	0.340314
243	0.723116	1.117609	0.357806
244	0.722855	1.117522	0.330908
245	0.722597	1.117436	0.339969
246	0.722340	1.117350	0.358392
247	0.722084	1.117265	0.333493
248	0.721831	1.117181	0.338529
249	0.721579	1.117097	0.349654
250	0.721329	1.117014	0.342094
251	0.721080	1.116932	0.345168
252	0.720833	1.116850	0.353774
253	0.720587	1.116769	0.336538
254	0.720343	1.116689	0.367254
255	0.720101	1.116609	0.336778
256	0.719860	1.116530	0.381736
257	0.719621	1.116451	0.384884
258	0.719383	1.116373	0.332590
259	0.719147	1.116296	0.334966
260	0.718912	1.116219	0.369515
261	0.718679	1.116143	0.344009
262	0.718447	1.116068	0.346832
263	0.718217	1.115993	0.347562
264	0.717988	1.115918	0.356405
265	0.717760	1.115845	0.346252
266	0.717534	1.115771	0.353812
267	0.717309	1.115699	0.342836
268	0.717086	1.115627	0.352333
269	0.716864	1.115556	0.367164
270	0.716643	1.115485	0.362991
271	0.716424	1.115414	0.352955
272	0.716206	1.115345	0.333647
273	0.715989	1.115275	0.340313
274	0.715774	1.115207	0.349340
275	0.715560	1.115139	0.334493
276	0.715347	1.115071	0.338400
277	0.715135	1.115004	0.348535
278	0.714925	1.114938	0.329517
279	0.714716	1.114872	0.328584
280	0.714508	1.114806	0.352847
281	0.714302	1.114742	0.339824
282	0.714096	1.114677	0.328952
283	0.713892	1.114613	0.349218
284	0.713689	1.114550	0.335220
285	0.713487	1.114487	0.330193
286	0.713286	1.114425	0.347988
287	0.713087	1.114363	0.332396
288	0.712888	1.114302	0.330372
289	0.712691	1.114241	0.349319
290	0.712495	1.114180	0.334315
291	0.712300	1.114121	0.331262
292	0.712106	1.114061	0.346631
293	0.711913	1.114002	0.360646
294	0.711721	1.113944	0.346718
295	0.711530	1.113886	0.348072
296	0.711341	1.113828	0.331084
297	0.711152	1.113771	0.340793
298	0.710965	1.113715	0.347171
299	0.710778	1.113659	0.336053
300	0.710593	1.113603	0.331067
301	0.710408	1.113548	0.347943
302	0.710225	1.113493	0.328851
303	0.710042	1.113439	0.328388
304	0.709861	1.113385	0.349647
305	0.709680	1.113331	0.334706
306	0.709501	1.113278	0.332580
307	0.709322	1.113226	0.344149
308	0.709145	1.113173	0.341294
309	0.708968	1.113122	0.332641
310	0.708792	1.113070	0.339387
311	0.708617	1.113019	0.337481
312	0.708444	1.112969	0.338096
313	0.708271	1.112919	0.352982
314	0.708099	1.112869	0.334179
315	0.707928	1.112820	0.332296
316	0.707757	1.112771	0.344603
317	0.707588	1.112722	0.332347
318	0.707420	1.112674	0.342295
319	0.707252	1.112627	0.339504
320	0.707086	1.112579	0.341358
321	0.706920	1.112532	0.351757
322	0.706755	1.112486	0.329772
323	0.706591	1.112440	0.332409
324	0.706427	1.112394	0.352078
325	0.706265	1.112349	0.328032
326	0.706103	1.112304	0.331094
327	0.705943	1.112259	0.340538
328	0.705783	1.112215	0.331886
329	0.705623	1.112171	0.334277
330	0.705465	1.112127	0.348385
331	0.705308	1.112084	0.328718
332	0.705151	1.112041	0.328862
333	0.704995	1.111998	0.344959
334	0.704840	1.111956	0.330733
335	0.704685	1.111914	0.329736
336	0.704531	1.111873	0.339616
337	0.704379	1.111832	0.329684
338	0.704226	1.111791	0.338502
339	0.704075	1.111751	0.343942
340	0.703924	1.111710	0.337382
341	0.703774	1.111671	0.329985
342	0.703625	1.111631	0.346684
343	0.703477	1.111592	0.329347
344	0.703329	1.111553	0.332689
345	0.703182	1.111515	0.353683
346	0.703036	1.111477	0.343323
347	0.702890	1.111439	0.331779
348	0.702745	1.111401	0.350858
349	0.702601	1.111364	0.334817
350	0.702457	1.111327	0.332100
351	0.702314	1.111290	0.362783
352	0.702172	1.111254	0.333191
353	0.702031	1.111218	0.331969
354	0.701890	1.111182	0.344502
355	0.701750	1.111147	0.334797
356	0.701610	1.111112	0.339620
357	0.701471	1.111077	0.363989
358	0.701333	1.111042	0.336922
359	0.701195	1.111008	0.331652
360	0.701058	1.110974	0.346813
361	0.700922	1.110941	0.328040
362	0.700786	1.110907	0.327479
363	0.700651	1.110874	0.342354
364	0.700517	1.110841	0.334164
365	0.700383	1.110809	0.330458
366	0.700250	1.110776	0.345055
367	0.700117	1.110744	0.331487
368	0.699985	1.110713	0.329562
369	0.699854	1.110681	0.347444
370	0.699723	1.110650	0.333469
371	0.699593	1.110619	0.331308
372	0.699463	1.110588	0.342510
373	0.699334	1.110558	0.331917
374	0.699205	1.110528	0.330989
375	0.699078	1.110498	0.340964
376	0.698950	1.110468	0.338762
377	0.698823	1.110439	0.327239
378	0.698697	1.110409	0.343435
379	0.698572	1.110381	0.334054
380	0.698447	1.110352	0.332793
381	0.698322	1.110323	0.339585
382	0.698198	1.110295	0.332949
383	0.698075	1.110267	0.334147
384	0.697952	1.110240	0.349519
385	0.697829	1.110212	0.333407
386	0.697707	1.110185	0.330748
387	0.697586	1.110158	0.352291
388	0.697465	1.110131	0.332369
389	0.697345	1.110105	0.332246
390	0.697225	1.110078	0.335045
391	0.697106	1.110052	0.333827
392	0.696987	1.110026	0.328982
393	0.696869	1.110001	0.343052
394	0.696751	1.109975	0.330888
395	0.696634	1.109950	0.329201
396	0.696517	1.109925	0.344592
397	0.696401	1.109900	0.330092
398	0.696285	1.109876	0.329841
399	0.696170	1.109851	0.338083
400	0.696055	1.109827	0.330587
401	0.695941	1.109803	0.329806
402	0.695827	1.109780	0.341566
403	0.695714	1.109756	0.330340
404	0.695601	1.109733	0.329744
405	0.695489	1.109710	0.345095
406	0.695377	1.109687	0.332155
407	0.695265	1.109664	0.333560
408	0.695154	1.109642	0.353023
409	0.695044	1.109620	0.333223
410	0.694934	1.109597	0.349797
411	0.694824	1.109576	0.326452
412	0.694715	1.109554	0.331050
413	0.694606	1.109532	0.349764
414	0.694498	1.109511	0.334823
415	0.694390	1.109490	0.327083
416	0.694283	1.109469	0.338973
417	0.694176	1.109448	0.334517
418	0.694069	1.109428	0.327958
419	0.693963	1.109407	0.347428
420	0.693857	1.109387	0.327372
421	0.693752	1.109367	0.329690
422	0.693647	1.109347	0.347794
423	0.693543	1.109327	0.329288
424	0.693438	1.109308	0.331339
425	0.693335	1.109289	0.348694
426	0.693232	1.109270	0.336528
427	0.693129	1.109251	0.328852
428	0.693026	1.109232	0.347312
429	0.692924	1.109213	0.331516
430	0.692823	1.109195	0.331191
431	0.692722	1.109176	0.349820
432	0.692621	1.109158	0.333745
433	0.692520	1.109140	0.328272
434	0.692420	1.109122	0.340409
435	0.692321	1.109105	0.327623
436	0.692222	1.109087	0.329947
437	0.692123	1.109070	0.345918
438	0.692024	1.109053	0.331881
439	0.691926	1.109036	0.331081
440	0.691828	1.109019	0.357567
441	0.691731	1.109002	0.329541
442	0.691634	1.108986	0.332649
443	0.691537	1.108969	0.348661
444	0.691441	1.108953	0.330130
445	0.691345	1.108937	0.330563
446	0.691250	1.108921	0.340432
447	0.691155	1.108905	0.326813
448	0.691060	1.108890	0.329428
449	0.690965	1.108874	0.353219
450	0.690871	1.108859	0.331772
451	0.690778	1.108844	0.337535
452	0.690684	1.108829	0.337382
453	0.690591	1.108814	0.331981
454	0.690499	1.108799	0.330428
455	0.690406	1.108784	0.339428
456	0.690314	1.108770	0.330645
457	0.690223	1.108756	0.330798
458	0.690131	1.108741	0.358970
459	0.690040	1.108727	0.333626
460	0.689950	1.108713	0.330389
461	0.689859	1.108700	0.334414
462	0.689769	1.108686	0.330023
463	0.689680	1.108672	0.332063
464	0.689590	1.108659	0.347653
465	0.689501	1.108646	0.332339
466	0.689413	1.108633	0.328097
467	0.689324	1.108620	0.349805
468	0.689236	1.108607	0.328075
469	0.689149	1.108594	0.329754
470	0.689061	1.108581	0.346136
471	0.688974	1.108569	0.331033
472	0.688888	1.108556	0.328009
473	0.688801	1.108544	0.347867
474	0.688715	1.108532	0.329678
475	0.688629	1.108520	0.328874
476	0.688544	1.108508	0.348195
477	0.688458	1.108496	0.326539
478	0.688373	1.108485	0.334731
479	0.688289	1.108473	0.344316
480	0.688205	1.108462	0.329010
481	0.688121	1.108450	0.329542
482	0.688037	1.108439	0.350023
483	0.687953	1.108428	0.329859
484	0.687870	1.108417	0.330619
485	0.687787	1.108406	0.345362
486	0.687705	1.108395	0.332248
487	0.687623	1.108385	0.330371
488	0.687541	1.108374	0.344581
489	0.687459	1.108364	0.336673
490	0.687378	1.108353	0.331531
491	0.687296	1.108343	0.339417
492	0.687216	1.108333	0.330858
493	0.687135	1.108323	0.329382
494	0.687055	1.108313	0.344672
495	0.686975	1.108303	0.327754
496	0.686895	1.108294	0.326626
497	0.686815	1.108284	0.343529
498	0.686736	1.108275	0.334190
499	0.686657	1.108265	0.329858
500	0.686579	1.108256	0.345329
501	0.686500	1.108247	0.337218
502	0.686422	1.108238	0.356546
503	0.686344	1.108229	0.369811
504	0.686267	1.108220	0.332156
505	0.686189	1.108211	0.334395
506	0.686112	1.108202	0.341439
507	0.686036	1.108194	0.334548
508	0.685959	1.108185	0.327983
509	0.685883	1.108177	0.350603
510	0.685807	1.108169	0.327058
511	0.685731	1.108160	0.327576
512	0.685655	1.108152	0.348002
513	0.685580	1.108144	0.333282
514	0.685505	1.108136	0.337498
515	0.685430	1.108128	0.331906
516	0.685356	1.108121	0.337225
517	0.685282	1.108113	0.350478
518	0.685208	1.108105	0.327175
519	0.685134	1.108098	0.333612
520	0.685060	1.108090	0.338124
521	0.684987	1.108083	0.328547
522	0.684914	1.108076	0.329253
523	0.684841	1.108069	0.349242
524	0.684768	1.108062	0.327713
525	0.684696	1.108055	0.332582
526	0.684624	1.108048	0.345922
527	0.684552	1.108041	0.326621
528	0.684480	1.108034	0.333787
529	0.684409	1.108027	0.347103
530	0.684338	1.108021	0.327753
531	0.684267	1.108014	0.336383
532	0.684196	1.108008	0.343472
533	0.684126	1.108002	0.326728
534	0.684055	1.107995	0.328439
535	0.683985	1.107989	0.346738
536	0.683916	1.107983	0.326810
537	0.683846	1.107977	0.332032
538	0.683777	1.107971	0.349227
539	0.683707	1.107965	0.326884
540	0.683638	1.107959	0.329326
541	0.683570	1.107954	0.342192
542	0.683501	1.107948	0.329632
543	0.683433	1.107942	0.329466
544	0.683365	1.107937	0.343189
545	0.683297	1.107931	0.330264
546	0.683229	1.107926	0.332675
547	0.683162	1.107921	0.348294
548	0.683095	1.107915	0.328851
549	0.683028	1.107910	0.330888
550	0.682961	1.107905	0.345380
551	0.682894	1.107900	0.330517
552	0.682828	1.107895	0.334709
553	0.682762	1.107890	0.347964
554	0.682696	1.107885	0.330943
555	0.682630	1.107881	0.339279
556	0.682565	1.107876	0.353895
557	0.682499	1.107871	0.337474
558	0.682434	1.107867	0.345564
559	0.682369	1.107862	0.342642
560	0.682304	1.107858	0.336828
561	0.682240	1.107854	0.333452
562	0.682175	1.107849	0.356454
563	0.682111	1.107845	0.330403
564	0.682047	1.107841	0.330785
565	0.681984	1.107837	0.345057
566	0.681920	1.107833	0.331714
567	0.681857	1.107829	0.327512
568	0.681794	1.107825	0.339031
569	0.681731	1.107821	0.330102
570	0.681668	1.107817	0.329383
571	0.681605	1.107813	0.341097
572	0.681543	1.107810	0.326725
573	0.681480	1.107806	0.331180
574	0.681418	1.107802	0.347372
575	0.681357	1.107799	0.326477
576	0.681295	1.107795	0.334956
577	0.681233	1.107792	0.340716
578	0.681172	1.107789	0.330704
579	0.681111	1.107785	0.331318
580	0.681050	1.107782	0.344304
581	0.680989	1.107779	0.333965
582	0.680929	1.107776	0.329895
583	0.680868	1.107773	0.353035
584	0.680808	1.107770	0.332161
585	0.680748	1.107767	0.334820
586	0.680688	1.107764	0.349442
587	0.680629	1.107761	0.327123
588	0.680569	1.107758	0.326680
589	0.680510	1.107756	0.358580
590	0.680451	1.107753	0.336458
591	0.680392	1.107750	0.331172
592	0.680333	1.107748	0.352411
593	0.680274	1.107745	0.330317
594	0.680216	1.107743	0.332054
595	0.680157	1.107740	0.340607
596	0.680099	1.107738	0.335532
597	0.680041	1.107735	0.339969
598	0.679984	1.107733	0.354033
599	0.679926	1.107731	0.332281
600	0.679869	1.107729	0.331308
601	0.679811	1.107726	0.346159
602	0.679754	1.107724	0.336755
603	0.679697	1.107722	0.328551
604	0.679640	1.107720	0.343637
605	0.679584	1.107718	0.336143
606	0.679527	1.107716	0.331335
607	0.679471	1.107715	0.339958
608	0.679415	1.107713	0.339382
609	0.679359	1.107711	0.330483
610	0.679303	1.107709	0.353158
611	0.679247	1.107707	0.344052
612	0.679192	1.107706	0.339323
613	0.679137	1.107704	0.334868
614	0.679081	1.107703	0.333991
615	0.679026	1.107701	0.347759
616	0.678972	1.107700	0.330849
617	0.678917	1.107698	0.330691
618	0.678862	1.107697	0.348307
619	0.678808	1.107695	0.327526
620	0.678754	1.107694	0.326492
621	0.678699	1.107693	0.340321
622	0.678646	1.107692	0.337213
623	0.678592	1.107690	0.332727
624	0.678538	1.107689	0.351530
625	0.678485	1.107688	0.339668
626	0.678431	1.107687	0.343738
627	0.678378	1.107686	0.355153
Early stopping
Relative improvement 0.000001
Test RMSE: 1.16434900098

result:  [0]
[(1, 0L, 12.321928024291992) (1, 1L, 12.321928024291992)
 (1, 2L, 10.321928024291992) ..., (402, 212L, 9.321928024291992)
 (402, 213L, 9.321928024291992) (402, 214L, 10.321928024291992)]
1 th test running..
########################################
             Factorizing                
########################################
factors=100, epochs=1000, lr=0.005000, reg=0.005000, n=6321, nmf=0, gamma=0.001000
Init PRMSE: 1.865150
Init TRMSE: 1.916879
----------------------------------------
epoche	train err	probe err	elapsed time
0	1.698450	1.624149	0.351397
1	1.524347	1.590102	0.338740
2	1.471239	1.577509	0.334630
3	1.443292	1.569922	0.349765
4	1.424591	1.563116	0.335086
5	1.409545	1.555813	0.338899
6	1.395883	1.547776	0.353951
7	1.382804	1.539242	0.332915
8	1.370158	1.530584	0.357935
9	1.357918	1.522049	0.343495
10	1.345915	1.513664	0.336761
11	1.333844	1.505303	0.334716
12	1.321379	1.496787	0.359622
13	1.308254	1.487952	0.330295
14	1.294297	1.478682	0.340106
15	1.279433	1.468919	0.346979
16	1.263682	1.458669	0.328202
17	1.247155	1.447998	0.328486
18	1.230042	1.437024	0.341717
19	1.212581	1.425900	0.333167
20	1.195028	1.414796	0.330611
21	1.177624	1.403869	0.350978
22	1.160571	1.393252	0.335445
23	1.144022	1.383041	0.329462
24	1.128079	1.373297	0.351074
25	1.112808	1.364050	0.334336
26	1.098246	1.355308	0.335616
27	1.084412	1.347064	0.338414
28	1.071312	1.339300	0.330815
29	1.058941	1.331995	0.330969
30	1.047285	1.325122	0.350466
31	1.036322	1.318655	0.334718
32	1.026023	1.312567	0.331547
33	1.016356	1.306831	0.346954
34	1.007283	1.301421	0.337179
35	0.998764	1.296313	0.334082
36	0.990759	1.291484	0.338025
37	0.983228	1.286912	0.333071
38	0.976134	1.282578	0.332610
39	0.969440	1.278466	0.351871
40	0.963112	1.274558	0.334225
41	0.957118	1.270839	0.334521
42	0.951431	1.267298	0.339958
43	0.946022	1.263921	0.330280
44	0.940868	1.260698	0.331340
45	0.935949	1.257618	0.342460
46	0.931243	1.254673	0.327566
47	0.926734	1.251853	0.328085
48	0.922406	1.249151	0.340120
49	0.918245	1.246561	0.336538
50	0.914239	1.244074	0.347897
51	0.910377	1.241686	0.349055
52	0.906648	1.239390	0.326824
53	0.903044	1.237182	0.342852
54	0.899558	1.235056	0.334514
55	0.896181	1.233009	0.332696
56	0.892909	1.231036	0.344159
57	0.889734	1.229134	0.330983
58	0.886653	1.227298	0.327775
59	0.883661	1.225527	0.349988
60	0.880753	1.223815	0.332933
61	0.877925	1.222162	0.326180
62	0.875175	1.220563	0.337233
63	0.872498	1.219017	0.333447
64	0.869892	1.217521	0.339924
65	0.867354	1.216073	0.357477
66	0.864882	1.214671	0.333590
67	0.862472	1.213312	0.331544
68	0.860123	1.211995	0.345107
69	0.857833	1.210719	0.338663
70	0.855599	1.209480	0.335348
71	0.853419	1.208279	0.342903
72	0.851292	1.207112	0.342083
73	0.849216	1.205980	0.339745
74	0.847189	1.204880	0.373914
75	0.845209	1.203811	0.354865
76	0.843275	1.202771	0.337906
77	0.841386	1.201761	0.367195
78	0.839539	1.200778	0.341850
79	0.837734	1.199821	0.335978
80	0.835969	1.198890	0.352569
81	0.834243	1.197983	0.339335
82	0.832555	1.197100	0.340102
83	0.830903	1.196240	0.355749
84	0.829286	1.195401	0.348415
85	0.827703	1.194584	0.337304
86	0.826154	1.193787	0.357756
87	0.824636	1.193009	0.335505
88	0.823149	1.192250	0.339980
89	0.821693	1.191510	0.336589
90	0.820265	1.190787	0.335999
91	0.818865	1.190081	0.343244
92	0.817493	1.189392	0.336275
93	0.816147	1.188718	0.339432
94	0.814827	1.188060	0.341098
95	0.813532	1.187417	0.341560
96	0.812261	1.186788	0.327859
97	0.811013	1.186172	0.354297
98	0.809788	1.185571	0.340384
99	0.808585	1.184982	0.338183
100	0.807404	1.184406	0.372867
101	0.806243	1.183841	0.349495
102	0.805102	1.183289	0.352824
103	0.803981	1.182748	0.380535
104	0.802879	1.182218	0.362683
105	0.801795	1.181699	0.341427
106	0.800729	1.181190	0.342416
107	0.799681	1.180692	0.332689
108	0.798650	1.180203	0.330363
109	0.797635	1.179723	0.348752
110	0.796636	1.179253	0.330158
111	0.795653	1.178791	0.331703
112	0.794685	1.178338	0.350086
113	0.793732	1.177893	0.338732
114	0.792793	1.177457	0.331305
115	0.791868	1.177028	0.343915
116	0.790957	1.176607	0.344568
117	0.790059	1.176193	0.329881
118	0.789174	1.175787	0.340205
119	0.788302	1.175387	0.333246
120	0.787443	1.174994	0.329697
121	0.786595	1.174608	0.341340
122	0.785759	1.174228	0.334094
123	0.784934	1.173854	0.334587
124	0.784121	1.173487	0.336866
125	0.783318	1.173125	0.336766
126	0.782527	1.172769	0.331215
127	0.781745	1.172418	0.353233
128	0.780974	1.172073	0.338045
129	0.780213	1.171733	0.326844
130	0.779462	1.171398	0.355023
131	0.778720	1.171069	0.331310
132	0.777987	1.170744	0.341739
133	0.777263	1.170424	0.338713
134	0.776549	1.170108	0.332935
135	0.775843	1.169797	0.344421
136	0.775145	1.169490	0.327652
137	0.774456	1.169188	0.335986
138	0.773775	1.168890	0.352080
139	0.773102	1.168596	0.334225
140	0.772437	1.168306	0.338222
141	0.771780	1.168020	0.344016
142	0.771130	1.167737	0.337816
143	0.770487	1.167459	0.331945
144	0.769852	1.167184	0.350646
145	0.769224	1.166912	0.330146
146	0.768602	1.166645	0.328543
147	0.767988	1.166380	0.347304
148	0.767380	1.166119	0.341419
149	0.766779	1.165861	0.326704
150	0.766184	1.165607	0.342498
151	0.765596	1.165355	0.330785
152	0.765014	1.165107	0.334449
153	0.764438	1.164862	0.349867
154	0.763868	1.164620	0.329257
155	0.763303	1.164380	0.333520
156	0.762745	1.164144	0.348262
157	0.762192	1.163910	0.331592
158	0.761645	1.163679	0.332169
159	0.761104	1.163451	0.346361
160	0.760567	1.163226	0.336195
161	0.760036	1.163003	0.334052
162	0.759511	1.162783	0.351288
163	0.758990	1.162565	0.339184
164	0.758474	1.162350	0.342766
165	0.757964	1.162138	0.344632
166	0.757458	1.161928	0.341934
167	0.756957	1.161720	0.352497
168	0.756461	1.161514	0.348795
169	0.755970	1.161311	0.330926
170	0.755483	1.161110	0.337789
171	0.755000	1.160912	0.347486
172	0.754522	1.160716	0.350002
173	0.754049	1.160521	0.340041
174	0.753580	1.160329	0.348565
175	0.753114	1.160140	0.334258
176	0.752654	1.159952	0.345280
177	0.752197	1.159766	0.353714
178	0.751744	1.159583	0.335469
179	0.751296	1.159401	0.327934
180	0.750851	1.159221	0.347283
181	0.750410	1.159044	0.331329
182	0.749973	1.158868	0.332042
183	0.749540	1.158694	0.353977
184	0.749110	1.158522	0.333874
185	0.748685	1.158352	0.340288
186	0.748263	1.158184	0.345342
187	0.747844	1.158018	0.342520
188	0.747429	1.157853	0.345333
189	0.747017	1.157690	0.332856
190	0.746609	1.157529	0.340379
191	0.746204	1.157370	0.347100
192	0.745803	1.157212	0.341634
193	0.745405	1.157056	0.348917
194	0.745010	1.156902	0.359107
195	0.744618	1.156749	0.337774
196	0.744229	1.156598	0.335221
197	0.743844	1.156449	0.344120
198	0.743462	1.156301	0.330640
199	0.743082	1.156155	0.328785
200	0.742706	1.156010	0.348889
201	0.742333	1.155867	0.340271
202	0.741962	1.155725	0.332574
203	0.741595	1.155585	0.340422
204	0.741230	1.155446	0.343018
205	0.740869	1.155309	0.356120
206	0.740510	1.155173	0.369036
207	0.740153	1.155039	0.336787
208	0.739800	1.154906	0.334692
209	0.739449	1.154775	0.345416
210	0.739101	1.154644	0.334217
211	0.738755	1.154516	0.338478
212	0.738412	1.154388	0.349864
213	0.738072	1.154262	0.344600
214	0.737734	1.154137	0.337478
215	0.737398	1.154014	0.351685
216	0.737066	1.153892	0.336795
217	0.736735	1.153771	0.334574
218	0.736407	1.153651	0.349516
219	0.736081	1.153533	0.333220
220	0.735758	1.153416	0.337311
221	0.735437	1.153300	0.340814
222	0.735118	1.153185	0.330067
223	0.734802	1.153072	0.336069
224	0.734488	1.152959	0.341179
225	0.734176	1.152848	0.328076
226	0.733866	1.152738	0.339457
227	0.733559	1.152629	0.344744
228	0.733253	1.152521	0.325468
229	0.732950	1.152415	0.344127
230	0.732649	1.152309	0.334372
231	0.732350	1.152205	0.331487
232	0.732053	1.152102	0.348926
233	0.731758	1.151999	0.335077
234	0.731465	1.151898	0.335662
235	0.731174	1.151798	0.347989
236	0.730885	1.151699	0.331334
237	0.730598	1.151601	0.332774
238	0.730313	1.151504	0.339195
239	0.730029	1.151408	0.330653
240	0.729748	1.151312	0.329434
241	0.729469	1.151218	0.348519
242	0.729191	1.151125	0.327278
243	0.728915	1.151033	0.331689
244	0.728641	1.150942	0.357322
245	0.728369	1.150852	0.345005
246	0.728099	1.150762	0.331360
247	0.727830	1.150674	0.355037
248	0.727563	1.150586	0.345299
249	0.727298	1.150500	0.342862
250	0.727035	1.150414	0.371469
251	0.726773	1.150329	0.338632
252	0.726513	1.150245	0.331935
253	0.726255	1.150162	0.350376
254	0.725998	1.150080	0.334288
255	0.725743	1.149999	0.333991
256	0.725489	1.149918	0.344695
257	0.725237	1.149838	0.379192
258	0.724987	1.149759	0.337864
259	0.724738	1.149681	0.353057
260	0.724490	1.149604	0.328354
261	0.724245	1.149527	0.329233
262	0.724000	1.149452	0.346876
263	0.723758	1.149377	0.351972
264	0.723516	1.149303	0.327652
265	0.723276	1.149229	0.341317
266	0.723038	1.149156	0.331167
267	0.722801	1.149085	0.329490
268	0.722566	1.149013	0.348110
269	0.722332	1.148943	0.333970
270	0.722099	1.148873	0.332536
271	0.721868	1.148804	0.357635
272	0.721638	1.148736	0.333316
273	0.721409	1.148668	0.345861
274	0.721182	1.148601	0.339283
275	0.720956	1.148535	0.356520
276	0.720731	1.148469	0.384853
277	0.720508	1.148405	0.333486
278	0.720286	1.148340	0.331450
279	0.720066	1.148277	0.354807
280	0.719846	1.148214	0.334621
281	0.719628	1.148151	0.332147
282	0.719411	1.148090	0.355816
283	0.719196	1.148029	0.349605
284	0.718981	1.147968	0.341709
285	0.718768	1.147909	0.379958
286	0.718556	1.147849	0.372924
287	0.718345	1.147791	0.343598
288	0.718136	1.147733	0.349833
289	0.717927	1.147675	0.330031
290	0.717720	1.147619	0.337654
291	0.717514	1.147562	0.337166
292	0.717309	1.147507	0.325821
293	0.717105	1.147451	0.324555
294	0.716903	1.147397	0.340616
295	0.716701	1.147343	0.326043
296	0.716501	1.147289	0.324081
297	0.716301	1.147237	0.342356
298	0.716103	1.147184	0.326883
299	0.715906	1.147132	0.327206
300	0.715710	1.147081	0.335782
301	0.715515	1.147030	0.329275
302	0.715321	1.146980	0.324106
303	0.715128	1.146930	0.341511
304	0.714936	1.146881	0.327136
305	0.714745	1.146832	0.328629
306	0.714555	1.146784	0.344727
307	0.714366	1.146736	0.326611
308	0.714179	1.146689	0.331270
309	0.713992	1.146642	0.345628
310	0.713806	1.146596	0.328746
311	0.713621	1.146550	0.331250
312	0.713437	1.146504	0.343395
313	0.713254	1.146459	0.326909
314	0.713072	1.146415	0.325314
315	0.712891	1.146371	0.345313
316	0.712711	1.146327	0.325635
317	0.712532	1.146284	0.324455
318	0.712353	1.146241	0.335963
319	0.712176	1.146199	0.328539
320	0.712000	1.146157	0.326885
321	0.711824	1.146115	0.346423
322	0.711649	1.146074	0.328020
323	0.711476	1.146034	0.327329
324	0.711303	1.145993	0.348094
325	0.711131	1.145954	0.328388
326	0.710960	1.145914	0.328439
327	0.710789	1.145875	0.337638
328	0.710620	1.145837	0.326628
329	0.710451	1.145798	0.326902
330	0.710283	1.145760	0.346874
331	0.710117	1.145723	0.344125
332	0.709950	1.145686	0.328809
333	0.709785	1.145649	0.343509
334	0.709621	1.145613	0.331040
335	0.709457	1.145577	0.328821
336	0.709294	1.145541	0.336460
337	0.709132	1.145506	0.326133
338	0.708971	1.145471	0.326551
339	0.708810	1.145436	0.343999
340	0.708651	1.145402	0.327569
341	0.708492	1.145368	0.327825
342	0.708334	1.145334	0.345921
343	0.708176	1.145301	0.323449
344	0.708020	1.145268	0.323669
345	0.707864	1.145236	0.343258
346	0.707709	1.145203	0.326882
347	0.707554	1.145172	0.325968
348	0.707401	1.145140	0.335578
349	0.707248	1.145109	0.325670
350	0.707095	1.145078	0.325501
351	0.706944	1.145047	0.350690
352	0.706793	1.145017	0.326357
353	0.706643	1.144987	0.329278
354	0.706494	1.144957	0.332691
355	0.706345	1.144927	0.323620
356	0.706197	1.144898	0.326571
357	0.706050	1.144869	0.342988
358	0.705903	1.144841	0.325490
359	0.705757	1.144812	0.338613
360	0.705612	1.144784	0.355929
361	0.705467	1.144757	0.332890
362	0.705323	1.144729	0.344026
363	0.705180	1.144702	0.345776
364	0.705037	1.144675	0.337398
365	0.704895	1.144648	0.327161
366	0.704754	1.144622	0.343789
367	0.704613	1.144596	0.337974
368	0.704473	1.144570	0.331547
369	0.704334	1.144544	0.349403
370	0.704195	1.144519	0.332366
371	0.704057	1.144494	0.324762
372	0.703920	1.144469	0.335242
373	0.703783	1.144444	0.328315
374	0.703646	1.144420	0.326401
375	0.703511	1.144396	0.345021
376	0.703376	1.144372	0.326183
377	0.703241	1.144348	0.324622
378	0.703107	1.144325	0.343190
379	0.702974	1.144302	0.324390
380	0.702841	1.144279	0.325188
381	0.702709	1.144256	0.346220
382	0.702578	1.144233	0.326330
383	0.702447	1.144211	0.326304
384	0.702316	1.144189	0.347962
385	0.702186	1.144167	0.327477
386	0.702057	1.144145	0.325403
387	0.701928	1.144124	0.344385
388	0.701800	1.144103	0.329798
389	0.701673	1.144082	0.326431
390	0.701546	1.144061	0.335296
391	0.701419	1.144040	0.327841
392	0.701293	1.144020	0.327882
393	0.701168	1.144000	0.342525
394	0.701043	1.143980	0.323065
395	0.700918	1.143960	0.322703
396	0.700795	1.143940	0.343289
397	0.700671	1.143921	0.327927
398	0.700549	1.143902	0.327619
399	0.700426	1.143883	0.337029
400	0.700305	1.143864	0.325377
401	0.700183	1.143845	0.325058
402	0.700063	1.143827	0.339534
403	0.699942	1.143808	0.330808
404	0.699823	1.143790	0.326429
405	0.699704	1.143772	0.347952
406	0.699585	1.143755	0.326658
407	0.699467	1.143737	0.324593
408	0.699349	1.143720	0.334063
409	0.699232	1.143702	0.324113
410	0.699115	1.143685	0.324554
411	0.698999	1.143668	0.343426
412	0.698883	1.143652	0.325428
413	0.698768	1.143635	0.324572
414	0.698653	1.143619	0.341674
415	0.698539	1.143602	0.330590
416	0.698425	1.143586	0.324660
417	0.698311	1.143570	0.331376
418	0.698198	1.143555	0.331177
419	0.698086	1.143539	0.327891
420	0.697974	1.143524	0.342074
421	0.697862	1.143508	0.325389
422	0.697751	1.143493	0.325007
423	0.697640	1.143478	0.340395
424	0.697530	1.143463	0.323387
425	0.697420	1.143448	0.329436
426	0.697311	1.143434	0.339120
427	0.697202	1.143419	0.329840
428	0.697094	1.143405	0.327054
429	0.696985	1.143391	0.339880
430	0.696878	1.143377	0.329375
431	0.696771	1.143363	0.326588
432	0.696664	1.143349	0.342151
433	0.696558	1.143336	0.327907
434	0.696452	1.143322	0.326700
435	0.696346	1.143309	0.340581
436	0.696241	1.143296	0.326776
437	0.696136	1.143283	0.325988
438	0.696032	1.143270	0.342526
439	0.695928	1.143257	0.327716
440	0.695825	1.143244	0.332089
441	0.695722	1.143232	0.341753
442	0.695619	1.143219	0.331798
443	0.695517	1.143207	0.330061
444	0.695415	1.143195	0.338943
445	0.695314	1.143182	0.328815
446	0.695212	1.143170	0.324612
447	0.695112	1.143159	0.339144
448	0.695012	1.143147	0.327249
449	0.694912	1.143135	0.327475
450	0.694812	1.143124	0.342924
451	0.694713	1.143112	0.326056
452	0.694614	1.143101	0.327132
453	0.694516	1.143090	0.336610
454	0.694418	1.143079	0.325428
455	0.694320	1.143068	0.326877
456	0.694223	1.143057	0.341580
457	0.694126	1.143046	0.328464
458	0.694030	1.143035	0.325943
459	0.693933	1.143025	0.348101
460	0.693838	1.143014	0.330213
461	0.693742	1.143004	0.326996
462	0.693647	1.142994	0.337131
463	0.693552	1.142984	0.326759
464	0.693458	1.142974	0.326711
465	0.693364	1.142964	0.346930
466	0.693270	1.142954	0.330162
467	0.693177	1.142944	0.336216
468	0.693084	1.142935	0.344599
469	0.692992	1.142925	0.329356
470	0.692899	1.142916	0.324890
471	0.692807	1.142906	0.336853
472	0.692716	1.142897	0.326018
473	0.692625	1.142888	0.326889
474	0.692534	1.142879	0.344249
475	0.692443	1.142870	0.326762
476	0.692353	1.142861	0.325897
477	0.692263	1.142852	0.345881
478	0.692173	1.142843	0.328198
479	0.692084	1.142834	0.323758
480	0.691995	1.142826	0.337559
481	0.691907	1.142817	0.323092
482	0.691818	1.142809	0.323980
483	0.691730	1.142801	0.341148
484	0.691643	1.142792	0.323473
485	0.691555	1.142784	0.323290
486	0.691468	1.142776	0.339672
487	0.691382	1.142768	0.327808
488	0.691295	1.142760	0.326557
489	0.691209	1.142752	0.337727
490	0.691124	1.142745	0.326528
491	0.691038	1.142737	0.326449
492	0.690953	1.142729	0.340835
493	0.690868	1.142722	0.325193
494	0.690784	1.142714	0.323631
495	0.690699	1.142707	0.338661
496	0.690615	1.142700	0.327239
497	0.690532	1.142692	0.336605
498	0.690448	1.142685	0.334291
499	0.690365	1.142678	0.326596
500	0.690283	1.142671	0.322027
501	0.690200	1.142664	0.334945
502	0.690118	1.142657	0.325008
503	0.690036	1.142650	0.322957
504	0.689955	1.142644	0.343006
505	0.689873	1.142637	0.329808
506	0.689792	1.142630	0.330116
507	0.689712	1.142624	0.329636
508	0.689631	1.142617	0.327876
509	0.689551	1.142611	0.327485
510	0.689471	1.142604	0.359510
511	0.689391	1.142598	0.324211
512	0.689312	1.142592	0.323122
513	0.689233	1.142586	0.337712
514	0.689154	1.142579	0.330282
515	0.689076	1.142573	0.331549
516	0.688997	1.142567	0.339299
517	0.688920	1.142561	0.324538
518	0.688842	1.142556	0.323832
519	0.688764	1.142550	0.336495
520	0.688687	1.142544	0.324407
521	0.688610	1.142538	0.322849
522	0.688534	1.142533	0.333159
523	0.688457	1.142527	0.338807
524	0.688381	1.142521	0.324767
525	0.688305	1.142516	0.334729
526	0.688230	1.142511	0.333133
527	0.688154	1.142505	0.324946
528	0.688079	1.142500	0.324844
529	0.688004	1.142495	0.341469
530	0.687930	1.142489	0.325313
531	0.687856	1.142484	0.325604
532	0.687781	1.142479	0.338947
533	0.687708	1.142474	0.331970
534	0.687634	1.142469	0.325262
535	0.687561	1.142464	0.343252
536	0.687488	1.142459	0.327983
537	0.687415	1.142454	0.331038
538	0.687342	1.142450	0.344431
539	0.687270	1.142445	0.324409
540	0.687198	1.142440	0.332479
541	0.687126	1.142435	0.352244
542	0.687054	1.142431	0.329120
543	0.686983	1.142426	0.331794
544	0.686912	1.142422	0.330238
545	0.686841	1.142417	0.323476
546	0.686770	1.142413	0.324416
547	0.686700	1.142408	0.342126
548	0.686629	1.142404	0.325618
549	0.686559	1.142400	0.329611
550	0.686490	1.142396	0.337417
551	0.686420	1.142391	0.323176
552	0.686351	1.142387	0.324969
553	0.686282	1.142383	0.334014
554	0.686213	1.142379	0.324789
555	0.686144	1.142375	0.326286
556	0.686076	1.142371	0.344464
557	0.686008	1.142367	0.326266
558	0.685940	1.142363	0.325946
559	0.685872	1.142359	0.353889
560	0.685804	1.142355	0.334308
561	0.685737	1.142352	0.327418
562	0.685670	1.142348	0.332664
563	0.685603	1.142344	0.325467
564	0.685537	1.142340	0.329374
565	0.685470	1.142337	0.335651
566	0.685404	1.142333	0.326759
567	0.685338	1.142330	0.323540
568	0.685272	1.142326	0.339346
569	0.685206	1.142323	0.330538
570	0.685141	1.142319	0.326321
571	0.685076	1.142316	0.338959
572	0.685011	1.142312	0.328215
573	0.684946	1.142309	0.325327
574	0.684882	1.142306	0.339915
575	0.684817	1.142302	0.324494
576	0.684753	1.142299	0.326183
577	0.684689	1.142296	0.341757
578	0.684626	1.142293	0.324317
579	0.684562	1.142290	0.323084
580	0.684499	1.142287	0.341190
581	0.684436	1.142283	0.322921
582	0.684373	1.142280	0.323426
583	0.684310	1.142277	0.339092
584	0.684247	1.142274	0.328140
585	0.684185	1.142271	0.327533
586	0.684123	1.142269	0.346747
587	0.684061	1.142266	0.337055
588	0.683999	1.142263	0.323513
589	0.683938	1.142260	0.334244
590	0.683876	1.142257	0.323957
591	0.683815	1.142254	0.325545
592	0.683754	1.142252	0.339143
593	0.683693	1.142249	0.326631
594	0.683633	1.142246	0.329739
595	0.683572	1.142244	0.342848
596	0.683512	1.142241	0.326166
597	0.683452	1.142239	0.324150
598	0.683392	1.142236	0.331212
599	0.683332	1.142233	0.326587
600	0.683273	1.142231	0.324904
601	0.683214	1.142229	0.342944
602	0.683155	1.142226	0.328432
603	0.683096	1.142224	0.324714
604	0.683037	1.142221	0.341676
605	0.682978	1.142219	0.324064
606	0.682920	1.142217	0.322960
607	0.682862	1.142214	0.333502
608	0.682804	1.142212	0.328130
609	0.682746	1.142210	0.325835
610	0.682688	1.142207	0.339658
611	0.682630	1.142205	0.326978
612	0.682573	1.142203	0.322887
613	0.682516	1.142201	0.340820
614	0.682459	1.142199	0.328660
615	0.682402	1.142197	0.328883
616	0.682345	1.142195	0.339801
617	0.682289	1.142193	0.324272
618	0.682233	1.142191	0.323367
619	0.682176	1.142189	0.340957
620	0.682120	1.142187	0.326979
621	0.682065	1.142185	0.325035
622	0.682009	1.142183	0.344759
623	0.681954	1.142181	0.329730
624	0.681898	1.142179	0.324756
625	0.681843	1.142177	0.334840
626	0.681788	1.142175	0.328678
627	0.681733	1.142173	0.336018
628	0.681679	1.142171	0.345558
629	0.681624	1.142170	0.340514
630	0.681570	1.142168	0.345460
631	0.681516	1.142166	0.346609
632	0.681462	1.142164	0.356859
633	0.681408	1.142163	0.340044
634	0.681354	1.142161	0.345802
635	0.681301	1.142159	0.346018
636	0.681247	1.142158	0.350845
637	0.681194	1.142156	0.354858
638	0.681141	1.142155	0.339362
639	0.681088	1.142153	0.343197
640	0.681035	1.142151	0.364397
641	0.680983	1.142150	0.343861
642	0.680930	1.142148	0.339515
643	0.680878	1.142147	0.351925
644	0.680826	1.142145	0.347439
645	0.680774	1.142144	0.357316
646	0.680722	1.142142	0.341887
647	0.680670	1.142141	0.344900
648	0.680619	1.142140	0.357791
649	0.680567	1.142138	0.339423
650	0.680516	1.142137	0.340199
651	0.680465	1.142136	0.329807
652	0.680414	1.142134	0.341225
653	0.680363	1.142133	0.336779
654	0.680313	1.142132	0.351552
655	0.680262	1.142130	0.345476
656	0.680212	1.142129	0.339371
657	0.680162	1.142128	0.348842
658	0.680111	1.142127	0.347001
659	0.680062	1.142125	0.347577
660	0.680012	1.142124	0.352730
661	0.679962	1.142123	0.344132
662	0.679913	1.142122	0.334905
663	0.679863	1.142121	0.344473
664	0.679814	1.142119	0.330751
665	0.679765	1.142118	0.329042
666	0.679716	1.142117	0.351585
667	0.679667	1.142116	0.335823
668	0.679619	1.142115	0.328698
669	0.679570	1.142114	0.338609
670	0.679522	1.142113	0.338989
671	0.679473	1.142112	0.337812
672	0.679425	1.142111	0.348548
Early stopping
Relative improvement 0.000001
Test RMSE: 1.14557011229

result:  [0]
[(1, 0L, 12.321928024291992) (1, 1L, 12.321928024291992)
 (1, 2L, 10.321928024291992) ..., (402, 212L, 9.321928024291992)
 (402, 213L, 9.321928024291992) (402, 214L, 10.321928024291992)]
2 th test running..
########################################
             Factorizing                
########################################
factors=100, epochs=1000, lr=0.005000, reg=0.005000, n=6321, nmf=0, gamma=0.001000
Init PRMSE: 1.921047
Init TRMSE: 1.896087
----------------------------------------
epoche	train err	probe err	elapsed time
0	1.689316	1.625854	0.352501
1	1.519207	1.581440	0.349467
2	1.466806	1.566453	0.332373
3	1.438641	1.560157	0.346704
4	1.419526	1.556349	0.333003
5	1.404107	1.552778	0.336565
6	1.390280	1.548753	0.347413
7	1.377395	1.544281	0.333575
8	1.365357	1.539573	0.360388
9	1.354072	1.534775	0.348969
10	1.343264	1.529899	0.336590
11	1.332560	1.524863	0.343280
12	1.321611	1.519554	0.331694
13	1.310142	1.513866	0.331263
14	1.297962	1.507715	0.368616
15	1.284956	1.501051	0.337455
16	1.271083	1.493863	0.332232
17	1.256372	1.486184	0.344727
18	1.240922	1.478084	0.330526
19	1.224892	1.469670	0.326527
20	1.208484	1.461070	0.339637
21	1.191922	1.452421	0.330532
22	1.175427	1.443853	0.324835
23	1.159188	1.435475	0.341860
24	1.143358	1.427370	0.333806
25	1.128040	1.419593	0.333384
26	1.113300	1.412175	0.343017
27	1.099172	1.405130	0.338703
28	1.085669	1.398458	0.326602
29	1.072789	1.392156	0.341747
30	1.060526	1.386217	0.334150
31	1.048865	1.380629	0.335331
32	1.037790	1.375384	0.347180
33	1.027282	1.370470	0.336478
34	1.017320	1.365874	0.346480
35	1.007879	1.361582	0.365569
36	0.998936	1.357578	0.340359
37	0.990464	1.353846	0.332792
38	0.982436	1.350369	0.344252
39	0.974826	1.347128	0.344506
40	0.967607	1.344106	0.340245
41	0.960756	1.341285	0.349005
42	0.954248	1.338647	0.347824
43	0.948061	1.336178	0.333962
44	0.942175	1.333862	0.352782
45	0.936568	1.331686	0.346402
46	0.931224	1.329636	0.334756
47	0.926126	1.327701	0.334158
48	0.921257	1.325871	0.333037
49	0.916603	1.324137	0.356552
50	0.912150	1.322490	0.373299
51	0.907887	1.320922	0.333566
52	0.903800	1.319427	0.333162
53	0.899880	1.317998	0.346671
54	0.896116	1.316630	0.331464
55	0.892498	1.315318	0.345280
56	0.889018	1.314058	0.333745
57	0.885669	1.312845	0.334418
58	0.882441	1.311676	0.349495
59	0.879329	1.310547	0.331898
60	0.876326	1.309456	0.331441
61	0.873425	1.308400	0.346893
62	0.870621	1.307376	0.342146
63	0.867909	1.306382	0.345077
64	0.865285	1.305417	0.356470
65	0.862742	1.304478	0.338681
66	0.860278	1.303564	0.332456
67	0.857888	1.302674	0.351059
68	0.855569	1.301805	0.333607
69	0.853317	1.300957	0.329412
70	0.851129	1.300130	0.352538
71	0.849002	1.299321	0.335897
72	0.846934	1.298529	0.330445
73	0.844920	1.297755	0.347093
74	0.842960	1.296998	0.333821
75	0.841051	1.296256	0.331752
76	0.839191	1.295530	0.351430
77	0.837376	1.294818	0.330140
78	0.835607	1.294120	0.327961
79	0.833880	1.293436	0.345746
80	0.832195	1.292765	0.333257
81	0.830549	1.292107	0.332108
82	0.828940	1.291461	0.347536
83	0.827368	1.290828	0.332724
84	0.825831	1.290206	0.330179
85	0.824328	1.289596	0.346254
86	0.822858	1.288997	0.327584
87	0.821418	1.288409	0.330623
88	0.820009	1.287832	0.342922
89	0.818629	1.287265	0.333008
90	0.817277	1.286709	0.324711
91	0.815952	1.286162	0.343717
92	0.814653	1.285626	0.329865
93	0.813379	1.285099	0.327350
94	0.812130	1.284581	0.370670
95	0.810904	1.284073	0.331682
96	0.809701	1.283573	0.329059
97	0.808521	1.283083	0.360231
98	0.807361	1.282601	0.337555
99	0.806223	1.282127	0.339585
100	0.805105	1.281662	0.352680
101	0.804006	1.281205	0.342868
102	0.802925	1.280756	0.336558
103	0.801864	1.280315	0.346015
104	0.800820	1.279882	0.330513
105	0.799793	1.279456	0.330378
106	0.798783	1.279037	0.346094
107	0.797789	1.278625	0.339293
108	0.796811	1.278221	0.331499
109	0.795848	1.277824	0.356911
110	0.794901	1.277433	0.359958
111	0.793968	1.277049	0.360074
112	0.793049	1.276671	0.344688
113	0.792143	1.276300	0.349270
114	0.791251	1.275935	0.354635
115	0.790373	1.275576	0.339766
116	0.789506	1.275224	0.337539
117	0.788653	1.274877	0.344946
118	0.787811	1.274536	0.340557
119	0.786981	1.274200	0.341958
120	0.786162	1.273870	0.350654
121	0.785355	1.273546	0.335087
122	0.784558	1.273226	0.344399
123	0.783773	1.272912	0.358516
124	0.782997	1.272603	0.344498
125	0.782232	1.272299	0.348639
126	0.781477	1.272000	0.346152
127	0.780731	1.271706	0.337499
128	0.779995	1.271417	0.345554
129	0.779268	1.271132	0.360740
130	0.778550	1.270851	0.340519
131	0.777840	1.270575	0.339820
132	0.777140	1.270303	0.363472
133	0.776448	1.270036	0.335505
134	0.775764	1.269772	0.332700
135	0.775088	1.269513	0.342383
136	0.774421	1.269258	0.331373
137	0.773761	1.269006	0.330591
138	0.773108	1.268759	0.358723
139	0.772463	1.268515	0.331552
140	0.771825	1.268275	0.337420
141	0.771195	1.268038	0.342124
142	0.770571	1.267805	0.332024
143	0.769955	1.267575	0.336290
144	0.769345	1.267349	0.325677
145	0.768741	1.267126	0.331598
146	0.768144	1.266907	0.355180
147	0.767554	1.266690	0.329772
148	0.766970	1.266477	0.333603
149	0.766391	1.266266	0.349311
150	0.765819	1.266059	0.333887
151	0.765253	1.265855	0.328467
152	0.764692	1.265653	0.337336
153	0.764138	1.265455	0.331176
154	0.763588	1.265259	0.330106
155	0.763045	1.265065	0.338703
156	0.762506	1.264875	0.329361
157	0.761973	1.264687	0.330917
158	0.761445	1.264502	0.359436
159	0.760923	1.264319	0.333789
160	0.760405	1.264138	0.343146
161	0.759892	1.263960	0.346146
162	0.759384	1.263785	0.338074
163	0.758881	1.263612	0.338138
164	0.758383	1.263441	0.373876
165	0.757889	1.263272	0.344326
166	0.757399	1.263105	0.344606
167	0.756915	1.262941	0.353339
168	0.756434	1.262778	0.344902
169	0.755958	1.262618	0.342698
170	0.755487	1.262460	0.376395
171	0.755019	1.262304	0.345812
172	0.754556	1.262150	0.351271
173	0.754097	1.261997	0.370287
174	0.753641	1.261847	0.352210
175	0.753190	1.261699	0.379698
176	0.752743	1.261552	0.345399
177	0.752299	1.261407	0.329629
178	0.751859	1.261264	0.356335
179	0.751423	1.261122	0.347199
180	0.750991	1.260983	0.339651
181	0.750562	1.260845	0.353805
182	0.750137	1.260708	0.337201
183	0.749716	1.260574	0.332004
184	0.749298	1.260441	0.347243
185	0.748883	1.260309	0.328716
186	0.748472	1.260179	0.331455
187	0.748064	1.260050	0.352242
188	0.747659	1.259923	0.339788
189	0.747258	1.259798	0.330413
190	0.746860	1.259674	0.352633
191	0.746465	1.259551	0.335872
192	0.746073	1.259430	0.331898
193	0.745684	1.259310	0.349714
194	0.745299	1.259191	0.340268
195	0.744916	1.259074	0.332580
196	0.744536	1.258958	0.343506
197	0.744159	1.258844	0.348322
198	0.743786	1.258730	0.344279
199	0.743415	1.258618	0.344415
200	0.743046	1.258507	0.326641
201	0.742681	1.258398	0.330241
202	0.742318	1.258289	0.339040
203	0.741958	1.258182	0.332814
204	0.741601	1.258076	0.333961
205	0.741247	1.257971	0.352638
206	0.740895	1.257867	0.331396
207	0.740545	1.257764	0.328417
208	0.740198	1.257663	0.363122
209	0.739854	1.257562	0.328905
210	0.739512	1.257463	0.327173
211	0.739173	1.257364	0.347226
212	0.738836	1.257267	0.331734
213	0.738502	1.257170	0.327042
214	0.738170	1.257075	0.352623
215	0.737840	1.256981	0.328995
216	0.737513	1.256887	0.330850
217	0.737188	1.256795	0.345769
218	0.736865	1.256703	0.336791
219	0.736545	1.256613	0.369893
220	0.736226	1.256523	0.349736
221	0.735910	1.256435	0.344703
222	0.735597	1.256347	0.333201
223	0.735285	1.256260	0.327920
224	0.734975	1.256174	0.334949
225	0.734668	1.256089	0.352249
226	0.734363	1.256005	0.332964
227	0.734059	1.255921	0.329140
228	0.733758	1.255839	0.343941
229	0.733459	1.255757	0.362006
230	0.733162	1.255676	0.337562
231	0.732867	1.255596	0.350802
232	0.732574	1.255517	0.350312
233	0.732282	1.255438	0.346690
234	0.731993	1.255360	0.357972
235	0.731706	1.255283	0.335709
236	0.731420	1.255207	0.334330
237	0.731136	1.255132	0.356324
238	0.730855	1.255057	0.338891
239	0.730575	1.254983	0.334040
240	0.730297	1.254910	0.341360
241	0.730020	1.254837	0.343390
242	0.729746	1.254766	0.335914
243	0.729473	1.254694	0.341116
244	0.729202	1.254624	0.328389
245	0.728932	1.254554	0.336998
246	0.728665	1.254485	0.356291
247	0.728399	1.254417	0.332744
248	0.728135	1.254349	0.337568
249	0.727872	1.254282	0.366602
250	0.727611	1.254216	0.339314
251	0.727352	1.254150	0.334257
252	0.727094	1.254085	0.349186
253	0.726838	1.254020	0.333242
254	0.726583	1.253956	0.327803
255	0.726330	1.253893	0.357558
256	0.726079	1.253830	0.334000
257	0.725829	1.253768	0.329210
258	0.725581	1.253707	0.358627
259	0.725334	1.253646	0.336593
260	0.725089	1.253586	0.354083
261	0.724845	1.253526	0.347317
262	0.724602	1.253467	0.329672
263	0.724362	1.253408	0.358704
264	0.724122	1.253350	0.348039
265	0.723884	1.253292	0.328382
266	0.723647	1.253236	0.337475
267	0.723412	1.253179	0.334405
268	0.723178	1.253123	0.335048
269	0.722946	1.253068	0.347361
270	0.722715	1.253013	0.336860
271	0.722485	1.252959	0.334981
272	0.722257	1.252905	0.349407
273	0.722030	1.252852	0.333428
274	0.721804	1.252799	0.330113
275	0.721580	1.252746	0.339377
276	0.721357	1.252695	0.350131
277	0.721135	1.252643	0.346764
278	0.720914	1.252592	0.360356
279	0.720695	1.252542	0.339967
280	0.720477	1.252492	0.339933
281	0.720261	1.252443	0.362534
282	0.720045	1.252394	0.336772
283	0.719831	1.252345	0.334946
284	0.719618	1.252297	0.360243
285	0.719406	1.252250	0.334022
286	0.719195	1.252202	0.342634
287	0.718986	1.252156	0.347337
288	0.718777	1.252109	0.335637
289	0.718570	1.252063	0.330399
290	0.718364	1.252018	0.351733
291	0.718160	1.251973	0.333195
292	0.717956	1.251928	0.336887
293	0.717753	1.251884	0.338749
294	0.717552	1.251840	0.348975
295	0.717352	1.251797	0.331142
296	0.717152	1.251754	0.336461
297	0.716954	1.251712	0.331984
298	0.716757	1.251669	0.346385
299	0.716561	1.251628	0.341872
300	0.716366	1.251586	0.327880
301	0.716172	1.251545	0.342163
302	0.715980	1.251504	0.330718
303	0.715788	1.251464	0.328764
304	0.715597	1.251424	0.357738
305	0.715407	1.251385	0.331281
306	0.715219	1.251346	0.331267
307	0.715031	1.251307	0.349863
308	0.714844	1.251268	0.341573
309	0.714659	1.251230	0.335558
310	0.714474	1.251193	0.356817
311	0.714290	1.251155	0.337533
312	0.714107	1.251118	0.330110
313	0.713926	1.251081	0.376847
314	0.713745	1.251045	0.342011
315	0.713565	1.251009	0.341408
316	0.713386	1.250973	0.352348
317	0.713208	1.250938	0.340958
318	0.713031	1.250903	0.332958
319	0.712855	1.250868	0.344577
320	0.712680	1.250834	0.332684
321	0.712505	1.250800	0.328281
322	0.712332	1.250766	0.354021
323	0.712159	1.250732	0.335904
324	0.711988	1.250699	0.356607
325	0.711817	1.250666	0.359360
326	0.711647	1.250634	0.345371
327	0.711478	1.250601	0.342783
328	0.711310	1.250569	0.345740
329	0.711142	1.250538	0.330079
330	0.710976	1.250506	0.353495
331	0.710810	1.250475	0.352047
332	0.710645	1.250444	0.342716
333	0.710481	1.250414	0.338596
334	0.710318	1.250384	0.345240
335	0.710156	1.250354	0.332294
336	0.709995	1.250324	0.338973
337	0.709834	1.250294	0.339386
338	0.709674	1.250265	0.336482
339	0.709515	1.250236	0.340860
340	0.709356	1.250208	0.331167
341	0.709199	1.250179	0.329742
342	0.709042	1.250151	0.340902
343	0.708886	1.250123	0.332001
344	0.708731	1.250096	0.329388
345	0.708576	1.250068	0.344414
346	0.708423	1.250041	0.330532
347	0.708270	1.250014	0.328815
348	0.708118	1.249988	0.338410
349	0.707966	1.249961	0.327220
350	0.707815	1.249935	0.326045
351	0.707665	1.249909	0.346555
352	0.707516	1.249884	0.329888
353	0.707367	1.249858	0.332665
354	0.707220	1.249833	0.339870
355	0.707072	1.249808	0.339316
356	0.706926	1.249783	0.332440
357	0.706780	1.249759	0.355349
358	0.706635	1.249735	0.334615
359	0.706491	1.249711	0.329839
360	0.706347	1.249687	0.349328
361	0.706204	1.249663	0.332370
362	0.706062	1.249640	0.328790
363	0.705920	1.249616	0.340118
364	0.705779	1.249593	0.329878
365	0.705639	1.249571	0.331071
366	0.705499	1.249548	0.357679
367	0.705360	1.249526	0.335408
368	0.705222	1.249504	0.327886
369	0.705084	1.249482	0.346785
370	0.704947	1.249460	0.334223
371	0.704811	1.249438	0.333715
372	0.704675	1.249417	0.349127
373	0.704540	1.249396	0.332467
374	0.704405	1.249375	0.332385
375	0.704271	1.249354	0.354505
376	0.704138	1.249333	0.329886
377	0.704005	1.249313	0.333872
378	0.703873	1.249293	0.346479
379	0.703742	1.249273	0.338770
380	0.703611	1.249253	0.329531
381	0.703481	1.249233	0.343510
382	0.703351	1.249214	0.328554
383	0.703222	1.249194	0.329865
384	0.703093	1.249175	0.346570
385	0.702965	1.249156	0.343737
386	0.702838	1.249137	0.335260
387	0.702711	1.249119	0.352856
388	0.702585	1.249100	0.345769
389	0.702459	1.249082	0.346864
390	0.702334	1.249064	0.346415
391	0.702210	1.249046	0.334345
392	0.702086	1.249028	0.344913
393	0.701962	1.249010	0.343627
394	0.701839	1.248993	0.342803
395	0.701717	1.248976	0.331677
396	0.701595	1.248959	0.378375
397	0.701474	1.248942	0.334234
398	0.701353	1.248925	0.345778
399	0.701233	1.248908	0.351904
400	0.701113	1.248891	0.337062
401	0.700994	1.248875	0.357017
402	0.700875	1.248859	0.356205
403	0.700757	1.248843	0.340069
404	0.700640	1.248827	0.366804
405	0.700523	1.248811	0.343367
406	0.700406	1.248795	0.385071
407	0.700290	1.248780	0.368399
408	0.700174	1.248765	0.356393
409	0.700059	1.248749	0.352820
410	0.699945	1.248734	0.459939
411	0.699831	1.248719	0.380926
412	0.699717	1.248704	0.354548
413	0.699604	1.248690	0.347344
414	0.699491	1.248675	0.339790
415	0.699379	1.248661	0.358986
416	0.699267	1.248647	0.335769
417	0.699156	1.248632	0.326020
418	0.699045	1.248618	0.342931
419	0.698935	1.248605	0.341958
420	0.698825	1.248591	0.346563
421	0.698716	1.248577	0.354993
422	0.698607	1.248564	0.333707
423	0.698499	1.248550	0.329360
424	0.698391	1.248537	0.349063
425	0.698283	1.248524	0.337852
426	0.698176	1.248511	0.328588
427	0.698069	1.248498	0.349408
428	0.697963	1.248485	0.326372
429	0.697857	1.248473	0.347875
430	0.697752	1.248460	0.357708
431	0.697647	1.248448	0.330166
432	0.697543	1.248435	0.340949
433	0.697439	1.248423	0.392215
434	0.697335	1.248411	0.404716
435	0.697232	1.248399	0.407259
436	0.697129	1.248387	0.377282
437	0.697027	1.248376	0.361504
438	0.696925	1.248364	0.369665
439	0.696824	1.248352	0.439841
440	0.696722	1.248341	0.425475
441	0.696622	1.248330	0.409809
442	0.696522	1.248318	0.389814
443	0.696422	1.248307	0.386982
444	0.696322	1.248296	0.366815
445	0.696223	1.248285	0.372536
446	0.696125	1.248275	0.370127
447	0.696026	1.248264	0.352746
448	0.695928	1.248253	0.379809
449	0.695831	1.248243	0.382386
450	0.695734	1.248232	0.397505
451	0.695637	1.248222	0.434430
452	0.695541	1.248212	0.399899
453	0.695445	1.248202	0.349975
454	0.695349	1.248192	0.359336
455	0.695254	1.248182	0.330614
456	0.695160	1.248172	0.357945
457	0.695065	1.248162	0.345837
458	0.694971	1.248153	0.347823
459	0.694877	1.248143	0.352181
460	0.694784	1.248134	0.348917
461	0.694691	1.248124	0.331748
462	0.694599	1.248115	0.371457
463	0.694506	1.248106	0.400679
464	0.694415	1.248097	0.432617
465	0.694323	1.248088	0.384564
466	0.694232	1.248079	0.351561
467	0.694141	1.248070	0.353435
468	0.694051	1.248061	0.338928
469	0.693961	1.248052	0.336763
470	0.693871	1.248044	0.346823
471	0.693781	1.248035	0.385286
472	0.693692	1.248027	0.385707
473	0.693604	1.248018	0.454883
474	0.693515	1.248010	0.371089
475	0.693427	1.248002	0.452591
476	0.693340	1.247994	0.479365
477	0.693252	1.247986	0.489363
478	0.693165	1.247978	0.390024
479	0.693078	1.247970	0.356235
480	0.692992	1.247962	0.371013
481	0.692906	1.247954	0.365135
482	0.692820	1.247947	0.411363
483	0.692735	1.247939	0.359063
484	0.692650	1.247932	0.375435
485	0.692565	1.247924	0.389340
486	0.692481	1.247917	0.412854
487	0.692396	1.247909	0.406402
488	0.692313	1.247902	0.358268
489	0.692229	1.247895	0.347723
490	0.692146	1.247888	0.393496
491	0.692063	1.247881	0.343074
492	0.691981	1.247874	0.343472
493	0.691898	1.247867	0.352965
494	0.691816	1.247860	0.409062
495	0.691735	1.247854	0.365459
496	0.691653	1.247847	0.402717
497	0.691572	1.247840	0.387977
498	0.691491	1.247834	0.356709
499	0.691411	1.247827	0.368482
500	0.691331	1.247821	0.343684
501	0.691251	1.247814	0.359274
502	0.691171	1.247808	0.342407
503	0.691092	1.247802	0.337714
504	0.691013	1.247796	0.354057
505	0.690934	1.247790	0.333881
506	0.690856	1.247784	0.331427
507	0.690778	1.247778	0.347389
508	0.690700	1.247772	0.331741
509	0.690622	1.247766	0.331408
510	0.690545	1.247760	0.386996
511	0.690468	1.247754	0.339655
512	0.690391	1.247748	0.331347
513	0.690315	1.247743	0.358955
514	0.690239	1.247737	0.330381
515	0.690163	1.247732	0.342439
516	0.690087	1.247726	0.339762
517	0.690012	1.247721	0.332108
518	0.689936	1.247715	0.353549
519	0.689862	1.247710	0.332672
520	0.689787	1.247705	0.333358
521	0.689713	1.247700	0.347023
522	0.689639	1.247695	0.333608
523	0.689565	1.247689	0.336533
524	0.689491	1.247684	0.349476
525	0.689418	1.247679	0.357407
526	0.689345	1.247674	0.336060
527	0.689272	1.247670	0.361775
528	0.689200	1.247665	0.342233
529	0.689127	1.247660	0.349311
530	0.689055	1.247655	0.356584
531	0.688984	1.247651	0.332705
532	0.688912	1.247646	0.344250
533	0.688841	1.247641	0.376966
534	0.688770	1.247637	0.348306
535	0.688699	1.247632	0.331643
536	0.688629	1.247628	0.365727
537	0.688558	1.247623	0.335971
538	0.688488	1.247619	0.416498
539	0.688419	1.247615	0.373315
540	0.688349	1.247611	0.377699
541	0.688280	1.247606	0.390569
542	0.688211	1.247602	0.358935
543	0.688142	1.247598	0.350469
544	0.688073	1.247594	0.388834
545	0.688005	1.247590	0.360847
546	0.687937	1.247586	0.341808
547	0.687869	1.247582	0.360408
548	0.687801	1.247578	0.357330
549	0.687734	1.247574	0.381491
550	0.687666	1.247570	0.333848
551	0.687599	1.247567	0.332255
552	0.687533	1.247563	0.386697
553	0.687466	1.247559	0.345629
554	0.687400	1.247556	0.345066
555	0.687334	1.247552	0.360646
556	0.687268	1.247548	0.410879
557	0.687202	1.247545	0.342007
558	0.687137	1.247541	0.373125
559	0.687071	1.247538	0.388018
560	0.687006	1.247534	0.352275
561	0.686942	1.247531	0.342117
562	0.686877	1.247528	0.342084
563	0.686813	1.247524	0.373784
564	0.686748	1.247521	0.362228
565	0.686685	1.247518	0.344369
566	0.686621	1.247515	0.347866
567	0.686557	1.247512	0.350270
568	0.686494	1.247509	0.339469
569	0.686431	1.247505	0.368396
570	0.686368	1.247502	0.347791
571	0.686305	1.247499	0.337281
572	0.686243	1.247496	0.337393
573	0.686181	1.247494	0.331556
574	0.686118	1.247491	0.326896
575	0.686057	1.247488	0.346810
576	0.685995	1.247485	0.332101
577	0.685933	1.247482	0.329464
578	0.685872	1.247479	0.340425
579	0.685811	1.247477	0.331678
580	0.685750	1.247474	0.333243
581	0.685690	1.247471	0.345171
582	0.685629	1.247469	0.336853
583	0.685569	1.247466	0.335377
584	0.685509	1.247464	0.350050
585	0.685449	1.247461	0.334192
586	0.685389	1.247459	0.329081
587	0.685329	1.247456	0.353384
588	0.685270	1.247454	0.333692
589	0.685211	1.247451	0.331791
590	0.685152	1.247449	0.353072
591	0.685093	1.247447	0.330080
592	0.685035	1.247444	0.329690
593	0.684976	1.247442	0.342030
594	0.684918	1.247440	0.340093
595	0.684860	1.247438	0.333527
596	0.684802	1.247435	0.362595
597	0.684745	1.247433	0.342800
598	0.684687	1.247431	0.340942
599	0.684630	1.247429	0.337870
600	0.684573	1.247427	0.332922
601	0.684516	1.247425	0.354108
602	0.684459	1.247423	0.337494
603	0.684402	1.247421	0.349031
604	0.684346	1.247419	0.345382
605	0.684290	1.247417	0.326693
606	0.684234	1.247415	0.326427
607	0.684178	1.247413	0.341430
608	0.684122	1.247411	0.332472
609	0.684067	1.247409	0.328511
610	0.684011	1.247408	0.343248
611	0.683956	1.247406	0.330761
612	0.683901	1.247404	0.333455
613	0.683846	1.247402	0.338581
614	0.683791	1.247401	0.331535
615	0.683737	1.247399	0.331121
616	0.683683	1.247397	0.366954
617	0.683628	1.247396	0.354215
618	0.683574	1.247394	0.344050
619	0.683520	1.247393	0.363454
620	0.683467	1.247391	0.347991
621	0.683413	1.247390	0.352464
622	0.683360	1.247388	0.366770
623	0.683307	1.247387	0.343204
624	0.683254	1.247385	0.343684
625	0.683201	1.247384	0.372672
626	0.683148	1.247382	0.352197
627	0.683095	1.247381	0.349417
628	0.683043	1.247380	0.355826
629	0.682991	1.247378	0.341227
630	0.682939	1.247377	0.366986
631	0.682887	1.247376	0.348804
632	0.682835	1.247375	0.461235
633	0.682783	1.247373	0.388445
634	0.682732	1.247372	0.370894
635	0.682681	1.247371	0.495818
636	0.682629	1.247370	0.350203
637	0.682578	1.247369	0.343541
638	0.682528	1.247367	0.359783
639	0.682477	1.247366	0.351308
640	0.682426	1.247365	0.347302
641	0.682376	1.247364	0.365467
642	0.682326	1.247363	0.348936
643	0.682276	1.247362	0.341573
Early stopping
Relative improvement 0.000001
Test RMSE: 1.17347836926

result:  [0]
[(1, 0L, 12.321928024291992) (1, 1L, 12.321928024291992)
 (1, 2L, 10.321928024291992) ..., (402, 212L, 9.321928024291992)
 (402, 213L, 9.321928024291992) (402, 214L, 10.321928024291992)]
3 th test running..
########################################
             Factorizing                
########################################
factors=100, epochs=1000, lr=0.005000, reg=0.005000, n=6321, nmf=0, gamma=0.001000
Init PRMSE: 1.912302
Init TRMSE: 1.892726
----------------------------------------
epoche	train err	probe err	elapsed time
0	1.705067	1.624743	0.352832
1	1.534322	1.570115	0.374344
2	1.479147	1.547703	0.353805
3	1.449883	1.535198	0.350030
4	1.430143	1.525889	0.378083
5	1.414055	1.517334	0.362993
6	1.399278	1.508944	0.398218
7	1.385107	1.501007	0.352945
8	1.371552	1.493891	0.348257
9	1.358682	1.487584	0.365515
10	1.346322	1.481742	0.344182
11	1.334123	1.475945	0.349621
12	1.321719	1.469862	0.370406
13	1.308823	1.463276	0.343697
14	1.295254	1.456067	0.346670
15	1.280933	1.448189	0.375656
16	1.265877	1.439660	0.345041
17	1.250189	1.430550	0.351924
18	1.234034	1.420976	0.368570
19	1.217616	1.411077	0.352530
20	1.201142	1.401002	0.356708
21	1.184794	1.390886	0.352413
22	1.168712	1.380846	0.344351
23	1.152994	1.370968	0.370318
24	1.137699	1.361317	0.356758
25	1.122867	1.351941	0.348032
26	1.108524	1.342876	0.350168
27	1.094693	1.334150	0.348440
28	1.081396	1.325789	0.337202
29	1.068650	1.317815	0.348471
30	1.056471	1.310242	0.346123
31	1.044866	1.303084	0.333548
32	1.033838	1.296346	0.357403
33	1.023379	1.290026	0.343095
34	1.013475	1.284119	0.329955
35	1.004109	1.278613	0.351720
36	0.995255	1.273493	0.340736
37	0.986887	1.268741	0.338198
38	0.978978	1.264335	0.380508
39	0.971499	1.260254	0.347146
40	0.964422	1.256477	0.376553
41	0.957718	1.252979	0.369465
42	0.951363	1.249741	0.338776
43	0.945330	1.246741	0.356083
44	0.939598	1.243960	0.338161
45	0.934144	1.241379	0.340058
46	0.928949	1.238982	0.356764
47	0.923994	1.236752	0.343234
48	0.919262	1.234675	0.334815
49	0.914738	1.232737	0.354147
50	0.910407	1.230928	0.342147
51	0.906256	1.229235	0.334392
52	0.902274	1.227650	0.341766
53	0.898449	1.226162	0.330535
54	0.894771	1.224764	0.327654
55	0.891232	1.223449	0.340619
56	0.887822	1.222210	0.329866
57	0.884534	1.221041	0.336957
58	0.881360	1.219937	0.347488
59	0.878295	1.218893	0.333655
60	0.875332	1.217905	0.327697
61	0.872465	1.216968	0.347632
62	0.869689	1.216080	0.341198
63	0.867000	1.215236	0.336377
64	0.864392	1.214435	0.347106
65	0.861862	1.213673	0.338332
66	0.859406	1.212947	0.324950
67	0.857021	1.212257	0.346651
68	0.854702	1.211599	0.332970
69	0.852447	1.210971	0.329164
70	0.850253	1.210373	0.346201
71	0.848117	1.209801	0.332037
72	0.846037	1.209256	0.331783
73	0.844010	1.208735	0.342781
74	0.842033	1.208238	0.330559
75	0.840106	1.207762	0.340136
76	0.838225	1.207307	0.397956
77	0.836389	1.206872	0.343145
78	0.834596	1.206456	0.345291
79	0.832844	1.206058	0.332481
80	0.831132	1.205677	0.333542
81	0.829459	1.205312	0.343912
82	0.827822	1.204963	0.328570
83	0.826221	1.204628	0.325004
84	0.824654	1.204308	0.339941
85	0.823121	1.204001	0.329004
86	0.821619	1.203707	0.336694
87	0.820147	1.203426	0.351363
88	0.818706	1.203156	0.326179
89	0.817293	1.202897	0.331823
90	0.815908	1.202649	0.346298
91	0.814550	1.202412	0.324828
92	0.813217	1.202184	0.330440
93	0.811910	1.201965	0.341715
94	0.810627	1.201756	0.325585
95	0.809368	1.201555	0.324937
96	0.808132	1.201363	0.344000
97	0.806917	1.201178	0.331630
98	0.805725	1.201001	0.330140
99	0.804553	1.200832	0.353046
100	0.803401	1.200669	0.331188
101	0.802269	1.200513	0.329382
102	0.801156	1.200364	0.347124
103	0.800061	1.200220	0.334666
104	0.798985	1.200083	0.325807
105	0.797926	1.199952	0.348982
106	0.796884	1.199826	0.330009
107	0.795858	1.199705	0.327118
108	0.794849	1.199589	0.346108
109	0.793855	1.199478	0.329923
110	0.792876	1.199372	0.330042
111	0.791913	1.199271	0.345142
112	0.790964	1.199173	0.326824
113	0.790028	1.199080	0.325942
114	0.789107	1.198991	0.341656
115	0.788199	1.198906	0.325878
116	0.787304	1.198825	0.324145
117	0.786422	1.198747	0.345617
118	0.785552	1.198673	0.330015
119	0.784695	1.198602	0.326625
120	0.783849	1.198534	0.342255
121	0.783015	1.198470	0.330921
122	0.782192	1.198408	0.324548
123	0.781380	1.198350	0.338947
124	0.780579	1.198294	0.325433
125	0.779788	1.198241	0.327008
126	0.779008	1.198190	0.339555
127	0.778237	1.198142	0.329709
128	0.777477	1.198097	0.334136
129	0.776726	1.198054	0.342189
130	0.775984	1.198013	0.325237
131	0.775252	1.197974	0.324802
132	0.774529	1.197938	0.345369
133	0.773814	1.197903	0.340634
134	0.773108	1.197870	0.330384
135	0.772411	1.197840	0.341804
136	0.771722	1.197811	0.331440
137	0.771040	1.197784	0.328286
138	0.770367	1.197758	0.341969
139	0.769702	1.197735	0.331249
140	0.769044	1.197712	0.328017
141	0.768394	1.197692	0.334473
142	0.767751	1.197673	0.326113
143	0.767115	1.197655	0.326155
144	0.766486	1.197639	0.347036
145	0.765865	1.197624	0.330710
146	0.765250	1.197610	0.328714
147	0.764641	1.197598	0.341348
148	0.764039	1.197587	0.328103
149	0.763444	1.197576	0.327210
150	0.762855	1.197568	0.346076
151	0.762272	1.197560	0.333297
152	0.761695	1.197553	0.326377
153	0.761124	1.197547	0.341377
154	0.760559	1.197542	0.330495
155	0.760000	1.197538	0.329122
156	0.759446	1.197535	0.343155
157	0.758898	1.197533	0.330510
158	0.758355	1.197532	0.328993
Early stopping
Relative improvement 0.000000
Test RMSE: 1.21542778107

result:  [0]
